468375874149318801
18014535952633856
756613670955388928
14159322210620145792
2341880602392821762
360297049767281664
612490649916146176
3062448846127767680
146507760811933729
90283236223094788
148759662698692736
37295468774949248
9511743167675236482
396739529530147840
73183503214268420
562951095386242
1175510971586871298
5494674120954118185
4832363503977234496
9385645109976107008
7007742307499771904
144678687852200576
2306410358321447312
4611828955083723777
788354134212609
4503909938765824
1184464296334067840
1157434046357193216
2315695204630317056
9799834990337328128
583497631016288260
18054573633638468
13889101596563865632
22518135580016643
148627600978214944
324399945027162112
72066392286823425
140746086679553
141847804512272
9007766223978561
9232449607405961216
6926571479991599113
1211477096459673600
17592320295040
2257297506107408
324261372261073024
1729665930927046784
9511602692187881476
36028934730549312
1162069578793091200
162164772032282880
13528391202538112
9015995632977152
1126174818369600
10977541305139456
864701025201193472
2882623756180684801
2314992098081771553
1156651116904055045
4503668481392673
72620681699329154
4617597004883951617
2449958755770564868
8768536526062682146

182414512073998368
153184239159377920
878213478802801860
1445806122068870148
1129232835022849
3417369129156608
2666210290405736448
72765718189449220
36034329213731328
9512027382874243588
2455746031334262280
1297604110778437908
578435492903673864
618544530432
234469207646421248
599823321533646848
606580792357814784
2310382351904998400
4503603989454912
2388077717271617536
1225542341195006216
4613656626782732544
91338703628210242
4620763799329738752
2315167147258679808
579310864281632928
2256203463797248
9260531134108930308
76842737378279424
4504149500657793
567897796118528
563087401025808
1155208505973556306
710696965800960
581254627296018496
90388686267023620
869759911494680640
581149078474473728
9335962888748205056
1196824933302848
2254067657084928
572364605622272
10993640887791136785
9224006180458727936
8937864758272
873733513164095552
3460198311397449986
5067104336515840
1127016634007554
1152967692989247494
9297681997852328065
13907414873316524160
1306044175677981953
13871124657308041216
148637686104621056
145267510638420128
9429687940974592
288518449341270018
288372818809259080
1196271337506852
4592728932549632
54184758255026320
4521329430660608
9518516487967490560
